Step,Reward,Phase,Contact,GraspForce,CubeHeight,StableSteps
0,0.000000,grasp,True,0.600,0.050,0
1,0.000000,grasp,True,0.600,0.050,0
2,0.000000,grasp,True,0.600,0.050,0
3,0.000000,grasp,True,0.600,0.050,0
4,0.000000,grasp,True,0.600,0.050,0
5,0.000000,grasp,True,0.600,0.050,0
6,0.000000,grasp,True,0.600,0.050,0
7,0.000000,grasp,True,0.600,0.050,0
8,0.000000,grasp,True,0.600,0.050,0
9,0.000000,grasp,True,0.600,0.050,0
10,0.000000,grasp,True,0.600,0.050,0
11,0.000000,grasp,True,0.600,0.050,0
12,0.000000,grasp,True,0.600,0.050,0
13,0.000000,grasp,True,0.600,0.050,0
14,0.000000,grasp,True,0.600,0.050,0
15,0.000000,grasp,True,0.600,0.050,0
16,0.000000,grasp,True,0.600,0.050,0
17,0.000000,grasp,True,0.600,0.050,0
18,0.000000,grasp,True,0.600,0.050,0
19,0.000000,grasp,True,0.600,0.050,0
20,0.000000,grasp,True,0.600,0.050,0
21,0.000000,grasp,True,0.600,0.050,0
22,0.000000,grasp,True,0.600,0.050,0
23,0.000000,grasp,True,0.600,0.050,0
24,0.000000,grasp,True,0.600,0.050,0
25,0.000000,grasp,True,0.600,0.050,0
26,0.000000,grasp,True,0.600,0.050,0
27,0.000000,grasp,True,0.600,0.050,0
28,0.000000,grasp,True,0.600,0.050,0
29,0.000000,grasp,True,0.600,0.050,0
30,0.000000,grasp,True,0.600,0.050,0
31,0.000000,grasp,True,0.600,0.050,0
32,0.000000,grasp,True,0.600,0.050,0
33,0.000000,grasp,True,0.600,0.050,0
34,10.000000,grasp,True,0.600,0.050,0
35,13.900000,grasp,True,0.600,0.050,0
36,13.900000,grasp,True,0.600,0.050,0
37,13.900000,grasp,True,0.600,0.050,0
38,13.900000,grasp,True,0.600,0.050,0
39,13.900000,grasp,True,0.600,0.050,0
40,13.900000,grasp,True,0.600,0.050,0
41,13.900000,grasp,True,0.600,0.050,0
42,13.900000,grasp,True,0.600,0.050,0
43,13.900000,grasp,True,0.600,0.050,0
44,13.900000,grasp,True,0.600,0.050,0
45,13.900000,grasp,True,0.600,0.050,0
46,13.900000,grasp,True,0.600,0.050,0
47,13.900000,grasp,True,0.600,0.050,0
48,13.900000,grasp,True,0.600,0.050,0
49,13.900000,grasp,True,0.600,0.050,0
50,13.900000,grasp,True,0.600,0.050,0
51,13.900000,grasp,True,0.600,0.050,0
52,13.900000,grasp,True,0.600,0.050,0
53,13.900000,grasp,True,0.600,0.050,0
54,13.900000,grasp,True,0.600,0.050,0
55,13.900000,grasp,True,0.600,0.050,0
56,13.900000,grasp,True,0.600,0.050,0
57,13.900000,grasp,True,0.600,0.050,0
58,13.900000,grasp,True,0.600,0.050,0
59,13.900000,grasp,True,0.600,0.050,0
60,13.900000,grasp,True,0.600,0.050,0
61,13.900000,grasp,True,0.600,0.050,0
62,13.900000,grasp,True,0.600,0.050,0
63,13.900000,grasp,True,0.600,0.050,0
64,13.900000,grasp,True,0.600,0.050,0
65,13.900000,grasp,True,0.600,0.050,0
66,13.900000,grasp,True,0.600,0.050,0
67,13.900000,grasp,True,0.600,0.050,0
68,13.900000,grasp,True,0.600,0.050,0
69,13.900000,grasp,True,0.600,0.050,0
70,13.900000,grasp,True,0.600,0.050,0
71,13.900000,grasp,True,0.600,0.050,0
72,13.900000,grasp,True,0.600,0.050,0
73,13.900000,grasp,True,0.600,0.050,0
74,13.900000,grasp,True,0.600,0.050,0
75,13.900000,grasp,True,0.600,0.050,0
76,13.900000,grasp,True,0.600,0.050,0
77,13.900000,grasp,True,0.600,0.050,0
78,13.900000,grasp,True,0.600,0.050,0
79,13.900000,grasp,True,0.600,0.050,0
80,13.900000,grasp,True,0.600,0.050,0
81,13.900000,grasp,True,0.600,0.050,0
82,13.900000,grasp,True,0.600,0.050,0
83,13.900000,grasp,True,0.600,0.050,0
84,13.900000,grasp,True,0.600,0.050,0
85,13.900000,grasp,True,0.600,0.050,0
86,13.900000,grasp,True,0.600,0.050,0
87,13.900000,grasp,True,0.600,0.050,0
88,13.900000,grasp,True,0.600,0.050,0
89,13.900000,grasp,True,0.600,0.050,0
90,13.900000,grasp,True,0.600,0.050,0
91,13.900000,grasp,True,0.600,0.050,0
92,13.900000,grasp,True,0.600,0.050,0
93,13.900000,grasp,True,0.600,0.050,0
94,13.900000,grasp,True,0.600,0.050,0
95,13.900000,grasp,True,0.600,0.050,0
96,13.900000,grasp,True,0.600,0.050,0
97,13.900000,grasp,True,0.600,0.050,0
98,13.900000,grasp,True,0.600,0.050,0
99,13.900000,grasp,True,0.600,0.050,0
100,13.900000,grasp,True,0.600,0.050,0
101,13.900000,grasp,True,0.600,0.050,0
102,13.900000,grasp,True,0.600,0.050,0
103,13.900000,grasp,True,0.600,0.050,0
104,13.900000,grasp,True,0.600,0.050,0
105,13.900000,grasp,True,0.600,0.050,0
106,13.900000,grasp,True,0.600,0.050,0
107,13.900000,grasp,True,0.600,0.050,0
108,13.900000,grasp,True,0.600,0.050,0
109,13.900000,grasp,True,0.600,0.050,0
110,13.900000,grasp,True,0.600,0.050,0
111,13.900000,grasp,True,0.600,0.050,0
112,13.900000,grasp,True,0.600,0.050,0
113,13.900000,grasp,True,0.600,0.050,0
114,13.900000,grasp,True,0.600,0.050,0
115,13.900000,grasp,True,0.600,0.050,0
116,13.900000,grasp,True,0.600,0.050,0
117,13.900000,grasp,True,0.600,0.050,0
118,13.900000,grasp,True,0.600,0.050,0
119,13.900000,grasp,True,0.600,0.050,0
120,13.900000,grasp,True,0.600,0.050,0
121,13.900000,grasp,True,0.600,0.050,0
122,13.900000,grasp,True,0.600,0.050,0
123,13.900000,grasp,True,0.600,0.050,0
124,13.900000,grasp,True,0.600,0.050,0
125,13.900000,grasp,True,0.600,0.050,0
126,13.900000,grasp,True,0.600,0.050,0
127,13.900000,grasp,True,0.600,0.050,0
128,13.900000,grasp,True,0.600,0.050,0
129,13.900000,grasp,True,0.600,0.050,0
130,13.900000,grasp,True,0.600,0.050,0
131,13.900000,grasp,True,0.600,0.050,0
132,13.900000,grasp,True,0.600,0.050,0
133,13.900000,grasp,True,0.600,0.050,0
134,13.900000,grasp,True,0.600,0.050,0
135,13.900000,grasp,True,0.600,0.050,0
136,13.900000,grasp,True,0.600,0.050,0
137,13.900000,grasp,True,0.600,0.050,0
138,13.900000,grasp,True,0.600,0.050,0
139,13.900000,grasp,True,0.600,0.050,0
140,13.900000,grasp,True,0.600,0.050,0
141,13.900000,grasp,True,0.600,0.050,0
142,13.900000,grasp,True,0.600,0.050,0
143,13.900000,grasp,True,0.600,0.050,0
144,13.900000,grasp,True,0.600,0.050,0
145,13.900000,grasp,True,0.600,0.050,0
146,13.900000,grasp,True,0.600,0.050,0
147,13.900000,grasp,True,0.600,0.050,0
148,13.900000,grasp,True,0.600,0.050,0
149,13.900000,grasp,True,0.600,0.050,0
150,13.900000,grasp,True,0.600,0.050,0
151,13.900000,grasp,True,0.600,0.050,0
152,13.900000,grasp,True,0.600,0.050,0
153,13.900000,grasp,True,0.600,0.050,0
154,13.900000,grasp,True,0.600,0.050,0
155,13.900000,grasp,True,0.600,0.050,0
156,13.900000,grasp,True,0.600,0.050,0
157,13.900000,grasp,True,0.600,0.050,0
158,13.900000,grasp,True,0.600,0.050,0
159,13.900000,grasp,True,0.600,0.050,0
160,13.900000,grasp,True,0.600,0.050,0
161,13.900000,grasp,True,0.600,0.050,0
162,13.900000,grasp,True,0.600,0.050,0
163,13.900000,grasp,True,0.600,0.050,0
164,13.900000,grasp,True,0.600,0.050,0
165,13.900000,grasp,True,0.600,0.050,0
166,13.900000,grasp,True,0.600,0.050,0
167,13.900000,grasp,True,0.600,0.050,0
168,13.900000,grasp,True,0.600,0.050,0
169,13.900000,grasp,True,0.600,0.050,0
170,13.900000,grasp,True,0.600,0.050,0
171,13.900000,grasp,True,0.600,0.050,0
172,13.900000,grasp,True,0.600,0.050,0
173,13.900000,grasp,True,0.600,0.050,0
174,13.900000,grasp,True,0.600,0.050,0
175,13.900000,grasp,True,0.600,0.050,0
176,13.900000,grasp,True,0.600,0.050,0
177,13.900000,grasp,True,0.600,0.050,0
178,13.900000,grasp,True,0.600,0.050,0
179,13.900000,grasp,True,0.600,0.050,0
180,13.900000,grasp,True,0.600,0.050,0
181,13.900000,grasp,True,0.600,0.050,0
182,13.900000,grasp,True,0.600,0.050,0
183,13.900000,grasp,True,0.600,0.050,0
184,13.900000,grasp,True,0.600,0.050,0
185,13.900000,grasp,True,0.600,0.050,0
186,13.900000,grasp,True,0.600,0.050,0
187,13.900000,grasp,True,0.600,0.050,0
188,13.900000,grasp,True,0.600,0.050,0
189,13.900000,grasp,True,0.600,0.050,0
190,13.900000,grasp,True,0.600,0.050,0
191,13.900000,grasp,True,0.600,0.050,0
192,13.900000,grasp,True,0.600,0.050,0
193,13.900000,grasp,True,0.600,0.050,0
194,13.900000,grasp,True,0.600,0.050,0
195,13.900000,grasp,True,0.600,0.050,0
196,13.900000,grasp,True,0.600,0.050,0
197,13.900000,grasp,True,0.600,0.050,0
198,13.900000,grasp,True,0.600,0.050,0
199,13.900000,grasp,True,0.600,0.050,0
200,13.900000,grasp,True,0.600,0.050,0
201,13.900000,grasp,True,0.600,0.050,0
202,13.900000,grasp,True,0.600,0.050,0
203,13.900000,grasp,True,0.600,0.050,0
204,13.900000,grasp,True,0.600,0.050,0
205,13.900000,grasp,True,0.600,0.050,0
206,13.900000,grasp,True,0.600,0.050,0
207,13.900000,grasp,True,0.600,0.050,0
208,13.900000,grasp,True,0.600,0.050,0
209,13.900000,grasp,True,0.600,0.050,0
210,13.900000,grasp,True,0.600,0.050,0
211,13.900000,grasp,True,0.600,0.050,0
212,13.900000,grasp,True,0.600,0.050,0
213,13.900000,grasp,True,0.600,0.050,0
214,13.900000,grasp,True,0.600,0.050,0
215,13.900000,grasp,True,0.600,0.050,0
216,13.900000,grasp,True,0.600,0.050,0
217,13.900000,grasp,True,0.600,0.050,0
218,13.900000,grasp,True,0.600,0.050,0
219,13.900000,grasp,True,0.600,0.050,0
220,13.900000,grasp,True,0.600,0.050,0
221,13.900000,grasp,True,0.600,0.050,0
222,13.900000,grasp,True,0.600,0.050,0
223,13.900000,grasp,True,0.600,0.050,0
224,13.900000,grasp,True,0.600,0.050,0
225,13.900000,grasp,True,0.600,0.050,0
226,13.900000,grasp,True,0.600,0.050,0
227,13.900000,grasp,True,0.600,0.050,0
228,13.900000,grasp,True,0.600,0.050,0
229,13.900000,grasp,True,0.600,0.050,0
230,13.900000,grasp,True,0.600,0.050,0
231,13.900000,grasp,True,0.600,0.050,0
232,13.900000,grasp,True,0.600,0.050,0
233,13.900000,grasp,True,0.600,0.050,0
234,13.900000,grasp,True,0.600,0.050,0
235,13.900000,grasp,True,0.600,0.050,0
236,13.900000,grasp,True,0.600,0.050,0
237,13.900000,grasp,True,0.600,0.050,0
238,13.900000,grasp,True,0.600,0.050,0
239,13.900000,grasp,True,0.600,0.050,0
240,13.900000,grasp,True,0.600,0.050,0
241,13.900000,grasp,True,0.600,0.050,0
242,13.900000,grasp,True,0.600,0.050,0
243,13.900000,grasp,True,0.600,0.050,0
244,13.900000,grasp,True,0.600,0.050,0
245,13.900000,grasp,True,0.600,0.050,0
246,13.900000,grasp,True,0.600,0.050,0
247,13.900000,grasp,True,0.600,0.050,0
248,13.900000,grasp,True,0.600,0.050,0
249,13.900000,grasp,True,0.600,0.050,0
250,13.900000,grasp,True,0.600,0.050,0
251,13.900000,grasp,True,0.600,0.050,0
252,13.900000,grasp,True,0.600,0.050,0
253,13.900000,grasp,True,0.600,0.050,0
254,13.900000,grasp,True,0.600,0.050,0
255,13.900000,grasp,True,0.600,0.050,0
256,13.900000,grasp,True,0.600,0.050,0
257,13.900000,grasp,True,0.600,0.050,0
258,13.900000,grasp,True,0.600,0.050,0
259,13.900000,grasp,True,0.600,0.050,0
260,13.900000,grasp,True,0.600,0.050,0
261,13.900000,grasp,True,0.600,0.050,0
262,13.900000,grasp,True,0.600,0.050,0
263,13.900000,grasp,True,0.600,0.050,0
264,13.900000,grasp,True,0.600,0.050,0
265,13.900000,grasp,True,0.600,0.050,0
266,13.900000,grasp,True,0.600,0.050,0
267,13.900000,grasp,True,0.600,0.050,0
268,13.900000,grasp,True,0.600,0.050,0
269,13.900000,grasp,True,0.600,0.050,0
270,13.900000,grasp,True,0.600,0.050,0
271,13.900000,grasp,True,0.600,0.050,0
272,13.900000,grasp,True,0.600,0.050,0
273,13.900000,grasp,True,0.600,0.050,0
274,13.900000,grasp,True,0.600,0.050,0
275,13.900000,grasp,True,0.600,0.050,0
276,13.900000,grasp,True,0.600,0.050,0
277,13.900000,grasp,True,0.600,0.050,0
278,13.900000,grasp,True,0.600,0.050,0
279,13.900000,grasp,True,0.600,0.050,0
280,13.900000,grasp,True,0.600,0.050,0
281,13.900000,grasp,True,0.600,0.050,0
282,13.900000,grasp,True,0.600,0.050,0
283,13.900000,grasp,True,0.600,0.050,0
284,13.900000,grasp,True,0.600,0.050,0
285,13.900000,grasp,True,0.600,0.050,0
286,13.900000,grasp,True,0.600,0.050,0
287,13.900000,grasp,True,0.600,0.050,0
288,13.900000,grasp,True,0.600,0.050,0
289,13.900000,grasp,True,0.600,0.050,0
290,13.900000,grasp,True,0.600,0.050,0
291,13.900000,grasp,True,0.600,0.050,0
292,13.900000,grasp,True,0.600,0.050,0
293,13.900000,grasp,True,0.600,0.050,0
294,13.900000,grasp,True,0.600,0.050,0
295,13.900000,grasp,True,0.600,0.050,0
296,13.900000,grasp,True,0.600,0.050,0
297,13.900000,grasp,True,0.600,0.050,0
298,13.900000,grasp,True,0.600,0.050,0
299,13.900000,grasp,True,0.600,0.050,0
300,13.900000,grasp,True,0.600,0.050,0
301,13.900000,grasp,True,0.600,0.050,0
302,13.900000,grasp,True,0.600,0.050,0
303,13.900000,grasp,True,0.600,0.050,0
304,13.900000,grasp,True,0.600,0.050,0
305,13.900000,grasp,True,0.600,0.050,0
306,13.900000,grasp,True,0.600,0.050,0
307,13.900000,grasp,True,0.600,0.050,0
308,13.900000,grasp,True,0.600,0.050,0
309,13.900000,grasp,True,0.600,0.050,0
310,13.900000,grasp,True,0.600,0.050,0
311,13.900000,grasp,True,0.600,0.050,0
312,13.900000,grasp,True,0.600,0.050,0
313,13.900000,grasp,True,0.600,0.050,0
314,13.900000,grasp,True,0.600,0.050,0
315,13.900000,grasp,True,0.600,0.050,0
316,13.900000,grasp,True,0.600,0.050,0
317,13.900000,grasp,True,0.600,0.050,0
318,13.900000,grasp,True,0.600,0.050,0
319,13.900000,grasp,True,0.600,0.050,0
320,13.900000,grasp,True,0.600,0.050,0
321,13.900000,grasp,True,0.600,0.050,0
322,13.900000,grasp,True,0.600,0.050,0
323,13.900000,grasp,True,0.600,0.050,0
324,13.900000,grasp,True,0.600,0.050,0
325,13.900000,grasp,True,0.600,0.050,0
326,13.900000,grasp,True,0.600,0.050,0
327,13.900000,grasp,True,0.600,0.050,0
328,13.900000,grasp,True,0.600,0.050,0
329,13.900000,grasp,True,0.600,0.050,0
330,13.900000,grasp,True,0.600,0.050,0
331,13.900000,grasp,True,0.600,0.050,0
332,13.900000,grasp,True,0.600,0.050,0
333,13.900000,grasp,True,0.600,0.050,0
334,13.900000,grasp,True,0.600,0.050,0
335,13.900000,grasp,True,0.600,0.050,0
336,13.900000,grasp,True,0.600,0.050,0
337,13.900000,grasp,True,0.600,0.050,0
338,13.900000,grasp,True,0.600,0.050,0
339,13.900000,grasp,True,0.600,0.050,0
340,13.900000,grasp,True,0.600,0.050,0
341,13.900000,grasp,True,0.600,0.050,0
342,13.900000,grasp,True,0.600,0.050,0
343,13.900000,grasp,True,0.600,0.050,0
344,13.900000,grasp,True,0.600,0.050,0
345,13.900000,grasp,True,0.600,0.050,0
346,13.900000,grasp,True,0.600,0.050,0
347,13.900000,grasp,True,0.600,0.050,0
348,13.900000,grasp,True,0.600,0.050,0
349,13.900000,grasp,True,0.600,0.050,0
350,13.900000,grasp,True,0.600,0.050,0
351,13.900000,grasp,True,0.600,0.050,0
352,13.900000,grasp,True,0.600,0.050,0
353,13.900000,grasp,True,0.600,0.050,0
354,13.900000,grasp,True,0.600,0.050,0
355,13.900000,grasp,True,0.600,0.050,0
356,13.900000,grasp,True,0.600,0.050,0
357,13.900000,grasp,True,0.600,0.050,0
358,13.900000,grasp,True,0.600,0.050,0
359,13.900000,grasp,True,0.600,0.050,0
360,13.900000,grasp,True,0.600,0.050,0
361,13.900000,grasp,True,0.600,0.050,0
362,13.900000,grasp,True,0.600,0.050,0
363,13.900000,grasp,True,0.600,0.050,0
364,13.900000,grasp,True,0.600,0.050,0
365,13.900000,grasp,True,0.600,0.050,0
366,13.900000,grasp,True,0.600,0.050,0
367,13.900000,grasp,True,0.600,0.050,0
368,13.900000,grasp,True,0.600,0.050,0
369,13.900000,grasp,True,0.600,0.050,0
370,13.900000,grasp,True,0.600,0.050,0
371,13.900000,grasp,True,0.600,0.050,0
372,13.900000,grasp,True,0.600,0.050,0
373,13.900000,grasp,True,0.600,0.050,0
374,13.900000,grasp,True,0.600,0.050,0
375,13.900000,grasp,True,0.600,0.050,0
376,13.900000,grasp,True,0.600,0.050,0
377,13.900000,grasp,True,0.600,0.050,0
378,13.900000,grasp,True,0.600,0.050,0
379,13.900000,grasp,True,0.600,0.050,0
380,13.900000,grasp,True,0.600,0.050,0
381,13.900000,grasp,True,0.600,0.050,0
382,13.900000,grasp,True,0.600,0.050,0
383,13.900000,grasp,True,0.600,0.050,0
384,13.900000,grasp,True,0.600,0.050,0
385,13.900000,grasp,True,0.600,0.050,0
386,13.900000,grasp,True,0.600,0.050,0
387,13.900000,grasp,True,0.600,0.050,0
388,13.900000,grasp,True,0.600,0.050,0
389,13.900000,grasp,True,0.600,0.050,0
390,13.900000,grasp,True,0.600,0.050,0
391,13.900000,grasp,True,0.600,0.050,0
392,13.900000,grasp,True,0.600,0.050,0
393,13.900000,grasp,True,0.600,0.050,0
394,13.900000,grasp,True,0.600,0.050,0
395,13.900000,grasp,True,0.600,0.050,0
396,13.900000,grasp,True,0.600,0.050,0
397,13.900000,grasp,True,0.600,0.050,0
398,13.900000,grasp,True,0.600,0.050,0
399,13.900000,grasp,True,0.600,0.050,0
400,13.900000,grasp,True,0.600,0.050,0
401,13.900000,grasp,True,0.600,0.050,0
402,13.900000,grasp,True,0.600,0.050,0
403,13.900000,grasp,True,0.600,0.050,0
404,13.900000,grasp,True,0.600,0.050,0
405,13.900000,grasp,True,0.600,0.050,0
406,13.900000,grasp,True,0.600,0.050,0
407,13.900000,grasp,True,0.600,0.050,0
408,13.900000,grasp,True,0.600,0.050,0
409,13.900000,grasp,True,0.600,0.050,0
410,13.900000,grasp,True,0.600,0.050,0
411,13.900000,grasp,True,0.600,0.050,0
412,13.900000,grasp,True,0.600,0.050,0
413,13.900000,grasp,True,0.600,0.050,0
414,13.900000,grasp,True,0.600,0.050,0
415,13.900000,grasp,True,0.600,0.050,0
416,13.900000,grasp,True,0.600,0.050,0
417,13.900000,grasp,True,0.600,0.050,0
418,13.900000,grasp,True,0.600,0.050,0
419,13.900000,grasp,True,0.600,0.050,0
420,13.900000,grasp,True,0.600,0.050,0
421,13.900000,grasp,True,0.600,0.050,0
422,13.900000,grasp,True,0.600,0.050,0
423,13.900000,grasp,True,0.600,0.050,0
424,13.900000,grasp,True,0.600,0.050,0
425,13.900000,grasp,True,0.600,0.050,0
426,13.900000,grasp,True,0.600,0.050,0
427,13.900000,grasp,True,0.600,0.050,0
428,13.900000,grasp,True,0.600,0.050,0
429,13.900000,grasp,True,0.600,0.050,0
430,13.900000,grasp,True,0.600,0.050,0
431,13.900000,grasp,True,0.600,0.050,0
432,13.900000,grasp,True,0.600,0.050,0
433,13.900000,grasp,True,0.600,0.050,0
434,13.900000,grasp,True,0.600,0.050,0
435,13.900000,grasp,True,0.600,0.050,0
436,13.900000,grasp,True,0.600,0.050,0
437,13.900000,grasp,True,0.600,0.050,0
438,13.900000,grasp,True,0.600,0.050,0
439,13.900000,grasp,True,0.600,0.050,0
440,13.900000,grasp,True,0.600,0.050,0
441,13.900000,grasp,True,0.600,0.050,0
442,13.900000,grasp,True,0.600,0.050,0
443,13.900000,grasp,True,0.600,0.050,0
444,13.900000,grasp,True,0.600,0.050,0
445,13.900000,grasp,True,0.600,0.050,0
446,13.900000,grasp,True,0.600,0.050,0
447,13.900000,grasp,True,0.600,0.050,0
448,13.900000,grasp,True,0.600,0.050,0
449,13.900000,grasp,True,0.600,0.050,0
450,13.900000,grasp,True,0.600,0.050,0
451,13.900000,grasp,True,0.600,0.050,0
452,13.900000,grasp,True,0.600,0.050,0
453,13.900000,grasp,True,0.600,0.050,0
454,13.900000,grasp,True,0.600,0.050,0
455,13.900000,grasp,True,0.600,0.050,0
456,13.900000,grasp,True,0.600,0.050,0
457,13.900000,grasp,True,0.600,0.050,0
458,13.900000,grasp,True,0.600,0.050,0
459,13.900000,grasp,True,0.600,0.050,0
460,13.900000,grasp,True,0.600,0.050,0
461,13.900000,grasp,True,0.600,0.050,0
462,13.900000,grasp,True,0.600,0.050,0
463,13.900000,grasp,True,0.600,0.050,0
464,13.900000,grasp,True,0.600,0.050,0
465,13.900000,grasp,True,0.600,0.050,0
466,13.900000,grasp,True,0.600,0.050,0
467,13.900000,grasp,True,0.600,0.050,0
468,13.900000,grasp,True,0.600,0.050,0
469,13.900000,grasp,True,0.600,0.050,0
470,13.900000,grasp,True,0.600,0.050,0
471,13.900000,grasp,True,0.600,0.050,0
472,13.900000,grasp,True,0.600,0.050,0
473,13.900000,grasp,True,0.600,0.050,0
474,13.900000,grasp,True,0.600,0.050,0
475,13.900000,grasp,True,0.600,0.050,0
476,13.900000,grasp,True,0.600,0.050,0
477,13.900000,grasp,True,0.600,0.050,0
478,13.900000,grasp,True,0.600,0.050,0
479,13.900000,grasp,True,0.600,0.050,0
480,13.900000,grasp,True,0.600,0.050,0
481,13.900000,grasp,True,0.600,0.050,0
482,13.900000,grasp,True,0.600,0.050,0
483,13.900000,grasp,True,0.600,0.050,0
484,13.900000,grasp,True,0.600,0.050,0
485,13.900000,grasp,True,0.600,0.050,0
486,13.900000,grasp,True,0.600,0.050,0
487,13.900000,grasp,True,0.600,0.050,0
488,13.900000,grasp,True,0.600,0.050,0
489,13.900000,grasp,True,0.600,0.050,0
490,13.900000,grasp,True,0.600,0.050,0
491,13.900000,grasp,True,0.600,0.050,0
492,13.900000,grasp,True,0.600,0.050,0
493,13.900000,grasp,True,0.600,0.050,0
494,13.900000,grasp,True,0.600,0.050,0
495,13.900000,grasp,True,0.600,0.050,0
496,13.900000,grasp,True,0.600,0.050,0
497,13.900000,grasp,True,0.600,0.050,0
498,13.900000,grasp,True,0.600,0.050,0
499,13.900000,grasp,True,0.600,0.050,0
500,13.900000,grasp,True,0.600,0.050,0
501,13.900000,grasp,True,0.600,0.050,0
502,13.900000,grasp,True,0.600,0.050,0
503,13.900000,grasp,True,0.600,0.050,0
504,13.900000,grasp,True,0.600,0.050,0
505,13.900000,grasp,True,0.600,0.050,0
506,13.900000,grasp,True,0.600,0.050,0
507,13.900000,grasp,True,0.600,0.050,0
508,13.900000,grasp,True,0.600,0.050,0
509,13.900000,grasp,True,0.600,0.050,0
510,13.900000,grasp,True,0.600,0.050,0
511,13.900000,grasp,True,0.600,0.050,0
512,13.900000,grasp,True,0.600,0.050,0
513,13.900000,grasp,True,0.600,0.050,0
514,13.900000,grasp,True,0.600,0.050,0
515,13.900000,grasp,True,0.600,0.050,0
516,13.900000,grasp,True,0.600,0.050,0
517,13.900000,grasp,True,0.600,0.050,0
518,13.900000,grasp,True,0.600,0.050,0
519,13.900000,grasp,True,0.600,0.050,0
520,13.900000,grasp,True,0.600,0.050,0
521,13.900000,grasp,True,0.600,0.050,0
522,13.900000,grasp,True,0.600,0.050,0
523,13.900000,grasp,True,0.600,0.050,0
524,13.900000,grasp,True,0.600,0.050,0
525,13.900000,grasp,True,0.600,0.050,0
526,13.900000,grasp,True,0.600,0.050,0
527,13.900000,grasp,True,0.600,0.050,0
528,13.900000,grasp,True,0.600,0.050,0
529,13.900000,grasp,True,0.600,0.050,0
530,13.900000,grasp,True,0.600,0.050,0
531,13.900000,grasp,True,0.600,0.050,0
532,13.900000,grasp,True,0.600,0.050,0
533,13.900000,grasp,True,0.600,0.050,0
534,13.900000,grasp,True,0.600,0.050,0
535,13.900000,grasp,True,0.600,0.050,0
536,13.900000,grasp,True,0.600,0.050,0
537,13.900000,grasp,True,0.600,0.050,0
538,13.900000,grasp,True,0.600,0.050,0
539,13.900000,grasp,True,0.600,0.050,0
540,13.900000,grasp,True,0.600,0.050,0
541,13.900000,grasp,True,0.600,0.050,0
542,13.900000,grasp,True,0.600,0.050,0
543,13.900000,grasp,True,0.600,0.050,0
544,13.900000,grasp,True,0.600,0.050,0
545,13.900000,grasp,True,0.600,0.050,0
546,13.900000,grasp,True,0.600,0.050,0
547,13.900000,grasp,True,0.600,0.050,0
548,13.900000,grasp,True,0.600,0.050,0
549,13.900000,grasp,True,0.600,0.050,0
550,13.900000,grasp,True,0.600,0.050,0
551,13.900000,grasp,True,0.600,0.050,0
552,13.900000,grasp,True,0.600,0.050,0
553,13.900000,grasp,True,0.600,0.050,0
554,13.900000,grasp,True,0.600,0.050,0
555,13.900000,grasp,True,0.600,0.050,0
556,13.900000,grasp,True,0.600,0.050,0
557,13.900000,grasp,True,0.600,0.050,0
558,13.900000,grasp,True,0.600,0.050,0
559,13.900000,grasp,True,0.600,0.050,0
560,13.900000,grasp,True,0.600,0.050,0
561,13.900000,grasp,True,0.600,0.050,0
562,13.900000,grasp,True,0.600,0.050,0
563,13.900000,grasp,True,0.600,0.050,0
564,13.900000,grasp,True,0.600,0.050,0
565,13.900000,grasp,True,0.600,0.050,0
566,13.900000,grasp,True,0.600,0.050,0
567,13.900000,grasp,True,0.600,0.050,0
568,13.900000,grasp,True,0.600,0.050,0
569,13.900000,grasp,True,0.600,0.050,0
570,13.900000,grasp,True,0.600,0.050,0
571,13.900000,grasp,True,0.600,0.050,0
572,13.900000,grasp,True,0.600,0.050,0
573,13.900000,grasp,True,0.600,0.050,0
574,13.900000,grasp,True,0.600,0.050,0
575,13.900000,grasp,True,0.600,0.050,0
576,13.900000,grasp,True,0.600,0.050,0
577,13.900000,grasp,True,0.600,0.050,0
578,13.900000,grasp,True,0.600,0.050,0
579,13.900000,grasp,True,0.600,0.050,0
580,13.900000,grasp,True,0.600,0.050,0
581,13.900000,grasp,True,0.600,0.050,0
582,13.900000,grasp,True,0.600,0.050,0
583,13.900000,grasp,True,0.600,0.050,0
584,13.900000,grasp,True,0.600,0.050,0
585,13.900000,grasp,True,0.600,0.050,0
586,13.900000,grasp,True,0.600,0.050,0
587,13.900000,grasp,True,0.600,0.050,0
588,13.900000,grasp,True,0.600,0.050,0
589,13.900000,grasp,True,0.600,0.050,0
590,13.900000,grasp,True,0.600,0.050,0
591,13.900000,grasp,True,0.600,0.050,0
592,13.900000,grasp,True,0.600,0.050,0
593,13.900000,grasp,True,0.600,0.050,0
594,13.900000,grasp,True,0.600,0.050,0
595,13.900000,grasp,True,0.600,0.050,0
596,13.900000,grasp,True,0.600,0.050,0
597,13.900000,grasp,True,0.600,0.050,0
598,13.900000,grasp,True,0.600,0.050,0
599,13.900000,grasp,True,0.600,0.050,0
600,13.900000,grasp,True,0.600,0.050,0
601,13.900000,grasp,True,0.600,0.050,0
602,13.900000,grasp,True,0.600,0.050,0
603,13.900000,grasp,True,0.600,0.050,0
604,13.900000,grasp,True,0.600,0.050,0
605,13.900000,grasp,True,0.600,0.050,0
606,13.900000,grasp,True,0.600,0.050,0
607,13.900000,grasp,True,0.600,0.050,0
608,13.900000,grasp,True,0.600,0.050,0
609,13.900000,grasp,True,0.600,0.050,0
610,13.900000,grasp,True,0.600,0.050,0
611,13.900000,grasp,True,0.600,0.050,0
612,13.900000,grasp,True,0.600,0.050,0
613,13.900000,grasp,True,0.600,0.050,0
614,13.900000,grasp,True,0.600,0.050,0
615,13.900000,grasp,True,0.600,0.050,0
616,13.900000,grasp,True,0.600,0.050,0
617,13.900000,grasp,True,0.600,0.050,0
618,13.900000,grasp,True,0.600,0.050,0
619,13.900000,grasp,True,0.600,0.050,0
620,13.900000,grasp,True,0.600,0.050,0
621,13.900000,grasp,True,0.600,0.050,0
622,13.900000,grasp,True,0.600,0.050,0
623,13.900000,grasp,True,0.600,0.050,0
624,13.900000,grasp,True,0.600,0.050,0
625,13.900000,grasp,True,0.600,0.050,0
626,13.900000,grasp,True,0.600,0.050,0
627,13.900000,grasp,True,0.600,0.050,0
628,13.900000,grasp,True,0.600,0.050,0
629,13.900000,grasp,True,0.600,0.050,0
630,13.900000,grasp,True,0.600,0.050,0
631,13.900000,grasp,True,0.600,0.050,0
632,13.900000,grasp,True,0.600,0.050,0
633,13.900000,grasp,True,0.600,0.050,0
634,13.900000,grasp,True,0.600,0.050,0
635,13.900000,grasp,True,0.600,0.050,0
636,13.900000,grasp,True,0.600,0.050,0
637,13.900000,grasp,True,0.600,0.050,0
638,13.900000,grasp,True,0.600,0.050,0
639,13.900000,grasp,True,0.600,0.050,0
640,13.900000,grasp,True,0.600,0.050,0
641,13.900000,grasp,True,0.600,0.050,0
642,13.900000,grasp,True,0.600,0.050,0
643,13.900000,grasp,True,0.600,0.050,0
644,13.900000,grasp,True,0.600,0.050,0
645,13.900000,grasp,True,0.600,0.050,0
646,13.900000,grasp,True,0.600,0.050,0
647,13.900000,grasp,True,0.600,0.050,0
648,13.900000,grasp,True,0.600,0.050,0
649,13.900000,grasp,True,0.600,0.050,0
650,13.900000,grasp,True,0.600,0.050,0
651,13.900000,grasp,True,0.600,0.050,0
652,13.900000,grasp,True,0.600,0.050,0
653,13.900000,grasp,True,0.600,0.050,0
654,13.900000,grasp,True,0.600,0.050,0
655,13.900000,grasp,True,0.600,0.050,0
656,13.900000,grasp,True,0.600,0.050,0
657,13.900000,grasp,True,0.600,0.050,0
658,13.900000,grasp,True,0.600,0.050,0
659,13.900000,grasp,True,0.600,0.050,0
660,13.900000,grasp,True,0.600,0.050,0
661,13.900000,grasp,True,0.600,0.050,0
662,13.900000,grasp,True,0.600,0.050,0
663,13.900000,grasp,True,0.600,0.050,0
664,13.900000,grasp,True,0.600,0.050,0
665,13.900000,grasp,True,0.600,0.050,0
666,13.900000,grasp,True,0.600,0.050,0
667,13.900000,grasp,True,0.600,0.050,0
668,13.900000,grasp,True,0.600,0.050,0
669,13.900000,grasp,True,0.600,0.050,0
670,13.900000,grasp,True,0.600,0.050,0
671,13.900000,grasp,True,0.600,0.050,0
672,13.900000,grasp,True,0.600,0.050,0
673,13.900000,grasp,True,0.600,0.050,0
674,13.900000,grasp,True,0.600,0.050,0
675,13.900000,grasp,True,0.600,0.050,0
676,13.900000,grasp,True,0.600,0.050,0
677,13.900000,grasp,True,0.600,0.050,0
678,13.900000,grasp,True,0.600,0.050,0
679,13.900000,grasp,True,0.600,0.050,0
680,13.900000,grasp,True,0.600,0.050,0
681,13.900000,grasp,True,0.600,0.050,0
682,13.900000,grasp,True,0.600,0.050,0
683,13.900000,grasp,True,0.600,0.050,0
684,13.900000,grasp,True,0.600,0.050,0
685,13.900000,grasp,True,0.600,0.050,0
686,13.900000,grasp,True,0.600,0.050,0
687,13.900000,grasp,True,0.600,0.050,0
688,13.900000,grasp,True,0.600,0.050,0
689,13.900000,grasp,True,0.600,0.050,0
690,13.900000,grasp,True,0.600,0.050,0
691,13.900000,grasp,True,0.600,0.050,0
692,13.900000,grasp,True,0.600,0.050,0
693,13.900000,grasp,True,0.600,0.050,0
694,13.900000,grasp,True,0.600,0.050,0
695,13.900000,grasp,True,0.600,0.050,0
696,13.900000,grasp,True,0.600,0.050,0
697,13.900000,grasp,True,0.600,0.050,0
698,13.900000,grasp,True,0.600,0.050,0
699,13.900000,grasp,True,0.600,0.050,0
700,13.900000,grasp,True,0.600,0.050,0
701,13.900000,grasp,True,0.600,0.050,0
702,13.900000,grasp,True,0.600,0.050,0
703,13.900000,grasp,True,0.600,0.050,0
704,13.900000,grasp,True,0.600,0.050,0
705,13.900000,grasp,True,0.600,0.050,0
706,13.900000,grasp,True,0.600,0.050,0
707,13.900000,grasp,True,0.600,0.050,0
708,13.900000,grasp,True,0.600,0.050,0
709,13.900000,grasp,True,0.600,0.050,0
710,13.900000,grasp,True,0.600,0.050,0
711,13.900000,grasp,True,0.600,0.050,0
712,13.900000,grasp,True,0.600,0.050,0
713,13.900000,grasp,True,0.600,0.050,0
714,13.900000,grasp,True,0.600,0.050,0
715,13.900000,grasp,True,0.600,0.050,0
716,13.900000,grasp,True,0.600,0.050,0
717,13.900000,grasp,True,0.600,0.050,0
718,13.900000,grasp,True,0.600,0.050,0
719,13.900000,grasp,True,0.600,0.050,0
720,13.900000,grasp,True,0.600,0.050,0
721,13.900000,grasp,True,0.600,0.050,0
722,13.900000,grasp,True,0.600,0.050,0
723,13.900000,grasp,True,0.600,0.050,0
724,13.900000,grasp,True,0.600,0.050,0
725,13.900000,grasp,True,0.600,0.050,0
726,13.900000,grasp,True,0.600,0.050,0
727,13.900000,grasp,True,0.600,0.050,0
728,13.900000,grasp,True,0.600,0.050,0
729,13.900000,grasp,True,0.600,0.050,0
730,13.900000,grasp,True,0.600,0.050,0
731,13.900000,grasp,True,0.600,0.050,0
732,13.900000,grasp,True,0.600,0.050,0
733,13.900000,grasp,True,0.600,0.050,0
734,13.900000,grasp,True,0.600,0.050,0
735,13.900000,grasp,True,0.600,0.050,0
736,13.900000,grasp,True,0.600,0.050,0
737,13.900000,grasp,True,0.600,0.050,0
738,13.900000,grasp,True,0.600,0.050,0
739,13.900000,grasp,True,0.600,0.050,0
740,13.900000,grasp,True,0.600,0.050,0
741,13.900000,grasp,True,0.600,0.050,0
742,13.900000,grasp,True,0.600,0.050,0
743,13.900000,grasp,True,0.600,0.050,0
744,13.900000,grasp,True,0.600,0.050,0
745,13.900000,grasp,True,0.600,0.050,0
746,13.900000,grasp,True,0.600,0.050,0
747,13.900000,grasp,True,0.600,0.050,0
748,13.900000,grasp,True,0.600,0.050,0
749,13.900000,grasp,True,0.600,0.050,0
750,13.900000,grasp,True,0.600,0.050,0
751,13.900000,grasp,True,0.600,0.050,0
752,13.900000,grasp,True,0.600,0.050,0
753,13.900000,grasp,True,0.600,0.050,0
754,13.900000,grasp,True,0.600,0.050,0
755,13.900000,grasp,True,0.600,0.050,0
756,13.900000,grasp,True,0.600,0.050,0
757,13.900000,grasp,True,0.600,0.050,0
758,13.900000,grasp,True,0.600,0.050,0
759,13.900000,grasp,True,0.600,0.050,0
760,13.900000,grasp,True,0.600,0.050,0
761,13.900000,grasp,True,0.600,0.050,0
762,13.900000,grasp,True,0.600,0.050,0
763,13.900000,grasp,True,0.600,0.050,0
764,13.900000,grasp,True,0.600,0.050,0
765,13.900000,grasp,True,0.600,0.050,0
766,13.900000,grasp,True,0.600,0.050,0
767,13.900000,grasp,True,0.600,0.050,0
768,13.900000,grasp,True,0.600,0.050,0
769,13.900000,grasp,True,0.600,0.050,0
770,13.900000,grasp,True,0.600,0.050,0
771,13.900000,grasp,True,0.600,0.050,0
772,13.900000,grasp,True,0.600,0.050,0
773,13.900000,grasp,True,0.600,0.050,0
774,13.900000,grasp,True,0.600,0.050,0
775,13.900000,grasp,True,0.600,0.050,0
776,13.900000,grasp,True,0.600,0.050,0
777,13.900000,grasp,True,0.600,0.050,0
778,13.900000,grasp,True,0.600,0.050,0
779,13.900000,grasp,True,0.600,0.050,0
780,13.900000,grasp,True,0.600,0.050,0
781,13.900000,grasp,True,0.600,0.050,0
782,13.900000,grasp,True,0.600,0.050,0
783,13.900000,grasp,True,0.600,0.050,0
784,13.900000,grasp,True,0.600,0.050,0
785,13.900000,grasp,True,0.600,0.050,0
786,13.900000,grasp,True,0.600,0.050,0
787,13.900000,grasp,True,0.600,0.050,0
788,13.900000,grasp,True,0.600,0.050,0
789,13.900000,grasp,True,0.600,0.050,0
790,13.900000,grasp,True,0.600,0.050,0
791,13.900000,grasp,True,0.600,0.050,0
792,13.900000,grasp,True,0.600,0.050,0
793,13.900000,grasp,True,0.600,0.050,0
794,13.900000,grasp,True,0.600,0.050,0
795,13.900000,grasp,True,0.600,0.050,0
796,13.900000,grasp,True,0.600,0.050,0
797,13.900000,grasp,True,0.600,0.050,0
798,13.900000,grasp,True,0.600,0.050,0
799,13.900000,grasp,True,0.600,0.050,0
800,13.900000,grasp,True,0.600,0.050,0
801,13.900000,grasp,True,0.600,0.050,0
802,13.900000,grasp,True,0.600,0.050,0
803,13.900000,grasp,True,0.600,0.050,0
804,13.900000,grasp,True,0.600,0.050,0
805,13.900000,grasp,True,0.600,0.050,0
806,13.900000,grasp,True,0.600,0.050,0
807,13.900000,grasp,True,0.600,0.050,0
808,13.900000,grasp,True,0.600,0.050,0
809,13.900000,grasp,True,0.600,0.050,0
810,13.900000,grasp,True,0.600,0.050,0
811,13.900000,grasp,True,0.600,0.050,0
812,13.900000,grasp,True,0.600,0.050,0
813,13.900000,grasp,True,0.600,0.050,0
814,13.900000,grasp,True,0.600,0.050,0
815,13.900000,grasp,True,0.600,0.050,0
816,13.900000,grasp,True,0.600,0.050,0
817,13.900000,grasp,True,0.600,0.050,0
818,13.900000,grasp,True,0.600,0.050,0
819,13.900000,grasp,True,0.600,0.050,0
820,13.900000,grasp,True,0.600,0.050,0
821,13.900000,grasp,True,0.600,0.050,0
822,13.900000,grasp,True,0.600,0.050,0
823,13.900000,grasp,True,0.600,0.050,0
824,13.900000,grasp,True,0.600,0.050,0
825,13.900000,grasp,True,0.600,0.050,0
826,13.900000,grasp,True,0.600,0.050,0
827,13.900000,grasp,True,0.600,0.050,0
828,13.900000,grasp,True,0.600,0.050,0
829,13.900000,grasp,True,0.600,0.050,0
830,13.900000,grasp,True,0.600,0.050,0
831,13.900000,grasp,True,0.600,0.050,0
832,13.900000,grasp,True,0.600,0.050,0
833,13.900000,grasp,True,0.600,0.050,0
834,13.900000,grasp,True,0.600,0.050,0
835,13.900000,grasp,True,0.600,0.050,0
836,13.900000,grasp,True,0.600,0.050,0
837,13.900000,grasp,True,0.600,0.050,0
838,13.900000,grasp,True,0.600,0.050,0
839,13.900000,grasp,True,0.600,0.050,0
840,13.900000,grasp,True,0.600,0.050,0
841,13.900000,grasp,True,0.600,0.050,0
842,13.900000,grasp,True,0.600,0.050,0
843,13.900000,grasp,True,0.600,0.050,0
844,13.900000,grasp,True,0.600,0.050,0
845,13.900000,grasp,True,0.600,0.050,0
846,13.900000,grasp,True,0.600,0.050,0
847,13.900000,grasp,True,0.600,0.050,0
848,13.900000,grasp,True,0.600,0.050,0
849,13.900000,grasp,True,0.600,0.050,0
850,13.900000,grasp,True,0.600,0.050,0
851,13.900000,grasp,True,0.600,0.050,0
852,13.900000,grasp,True,0.600,0.050,0
853,13.900000,grasp,True,0.600,0.050,0
854,13.900000,grasp,True,0.600,0.050,0
855,13.900000,grasp,True,0.600,0.050,0
856,13.900000,grasp,True,0.600,0.050,0
857,13.900000,grasp,True,0.600,0.050,0
858,13.900000,grasp,True,0.600,0.050,0
859,13.900000,grasp,True,0.600,0.050,0
860,13.900000,grasp,True,0.600,0.050,0
861,13.900000,grasp,True,0.600,0.050,0
862,13.900000,grasp,True,0.600,0.050,0
863,13.900000,grasp,True,0.600,0.050,0
864,13.900000,grasp,True,0.600,0.050,0
865,13.900000,grasp,True,0.600,0.050,0
866,13.900000,grasp,True,0.600,0.050,0
867,13.900000,grasp,True,0.600,0.050,0
868,13.900000,grasp,True,0.600,0.050,0
869,13.900000,grasp,True,0.600,0.050,0
870,13.900000,grasp,True,0.600,0.050,0
871,13.900000,grasp,True,0.600,0.050,0
872,13.900000,grasp,True,0.600,0.050,0
873,13.900000,grasp,True,0.600,0.050,0
874,13.900000,grasp,True,0.600,0.050,0
875,13.900000,grasp,True,0.600,0.050,0
876,13.900000,grasp,True,0.600,0.050,0
877,13.900000,grasp,True,0.600,0.050,0
878,13.900000,grasp,True,0.600,0.050,0
879,13.900000,grasp,True,0.600,0.050,0
880,13.900000,grasp,True,0.600,0.050,0
881,13.900000,grasp,True,0.600,0.050,0
882,13.900000,grasp,True,0.600,0.050,0
883,13.900000,grasp,True,0.600,0.050,0
884,13.900000,grasp,True,0.600,0.050,0
885,13.900000,grasp,True,0.600,0.050,0
886,13.900000,grasp,True,0.600,0.050,0
887,13.900000,grasp,True,0.600,0.050,0
888,13.900000,grasp,True,0.600,0.050,0
889,13.900000,grasp,True,0.600,0.050,0
890,13.900000,grasp,True,0.600,0.050,0
891,13.900000,grasp,True,0.600,0.050,0
892,13.900000,grasp,True,0.600,0.050,0
893,13.900000,grasp,True,0.600,0.050,0
894,13.900000,grasp,True,0.600,0.050,0
895,13.900000,grasp,True,0.600,0.050,0
896,13.900000,grasp,True,0.600,0.050,0
897,13.900000,grasp,True,0.600,0.050,0
898,13.900000,grasp,True,0.600,0.050,0
899,13.900000,grasp,True,0.600,0.050,0
900,13.900000,grasp,True,0.600,0.050,0
901,13.900000,grasp,True,0.600,0.050,0
902,13.900000,grasp,True,0.600,0.050,0
903,13.900000,grasp,True,0.600,0.050,0
904,13.900000,grasp,True,0.600,0.050,0
905,13.900000,grasp,True,0.600,0.050,0
906,13.900000,grasp,True,0.600,0.050,0
907,13.900000,grasp,True,0.600,0.050,0
908,13.900000,grasp,True,0.600,0.050,0
909,13.900000,grasp,True,0.600,0.050,0
910,13.900000,grasp,True,0.600,0.050,0
911,13.900000,grasp,True,0.600,0.050,0
912,13.900000,grasp,True,0.600,0.050,0
913,13.900000,grasp,True,0.600,0.050,0
914,13.900000,grasp,True,0.600,0.050,0
915,13.900000,grasp,True,0.600,0.050,0
916,13.900000,grasp,True,0.600,0.050,0
917,13.900000,grasp,True,0.600,0.050,0
918,13.900000,grasp,True,0.600,0.050,0
919,13.900000,grasp,True,0.600,0.050,0
920,13.900000,grasp,True,0.600,0.050,0
921,13.900000,grasp,True,0.600,0.050,0
922,13.900000,grasp,True,0.600,0.050,0
923,13.900000,grasp,True,0.600,0.050,0
924,13.900000,grasp,True,0.600,0.050,0
925,13.900000,grasp,True,0.600,0.050,0
926,13.900000,grasp,True,0.600,0.050,0
927,13.900000,grasp,True,0.600,0.050,0
928,13.900000,grasp,True,0.600,0.050,0
929,13.900000,grasp,True,0.600,0.050,0
930,13.900000,grasp,True,0.600,0.050,0
931,13.900000,grasp,True,0.600,0.050,0
932,13.900000,grasp,True,0.600,0.050,0
933,13.900000,grasp,True,0.600,0.050,0
934,13.900000,grasp,True,0.600,0.050,0
935,13.900000,grasp,True,0.600,0.050,0
936,13.900000,grasp,True,0.600,0.050,0
937,13.900000,grasp,True,0.600,0.050,0
938,13.900000,grasp,True,0.600,0.050,0
939,13.900000,grasp,True,0.600,0.050,0
940,13.900000,grasp,True,0.600,0.050,0
941,13.900000,grasp,True,0.600,0.050,0
942,13.900000,grasp,True,0.600,0.050,0
943,13.900000,grasp,True,0.600,0.050,0
944,13.900000,grasp,True,0.600,0.050,0
945,13.900000,grasp,True,0.600,0.050,0
946,13.900000,grasp,True,0.600,0.050,0
947,13.900000,grasp,True,0.600,0.050,0
948,13.900000,grasp,True,0.600,0.050,0
949,13.900000,grasp,True,0.600,0.050,0
950,13.900000,grasp,True,0.600,0.050,0
951,13.900000,grasp,True,0.600,0.050,0
952,13.900000,grasp,True,0.600,0.050,0
953,13.900000,grasp,True,0.600,0.050,0
954,13.900000,grasp,True,0.600,0.050,0
955,13.900000,grasp,True,0.600,0.050,0
956,13.900000,grasp,True,0.600,0.050,0
957,13.900000,grasp,True,0.600,0.050,0
958,13.900000,grasp,True,0.600,0.050,0
959,13.900000,grasp,True,0.600,0.050,0
960,13.900000,grasp,True,0.600,0.050,0
961,13.900000,grasp,True,0.600,0.050,0
962,13.900000,grasp,True,0.600,0.050,0
963,13.900000,grasp,True,0.600,0.050,0
964,13.900000,grasp,True,0.600,0.050,0
965,13.900000,grasp,True,0.600,0.050,0
966,13.900000,grasp,True,0.600,0.050,0
967,13.900000,grasp,True,0.600,0.050,0
968,13.900000,grasp,True,0.600,0.050,0
969,13.900000,grasp,True,0.600,0.050,0
970,13.900000,grasp,True,0.600,0.050,0
971,13.900000,grasp,True,0.600,0.050,0
972,13.900000,grasp,True,0.600,0.050,0
973,13.900000,grasp,True,0.600,0.050,0
974,13.900000,grasp,True,0.600,0.050,0
975,13.900000,grasp,True,0.600,0.050,0
976,13.900000,grasp,True,0.600,0.050,0
977,13.900000,grasp,True,0.600,0.050,0
978,13.900000,grasp,True,0.600,0.050,0
979,13.900000,grasp,True,0.600,0.050,0
980,13.900000,grasp,True,0.600,0.050,0
981,13.900000,grasp,True,0.600,0.050,0
982,13.900000,grasp,True,0.600,0.050,0
983,13.900000,grasp,True,0.600,0.050,0
984,13.900000,grasp,True,0.600,0.050,0
985,13.900000,grasp,True,0.600,0.050,0
986,13.900000,grasp,True,0.600,0.050,0
987,13.900000,grasp,True,0.600,0.050,0
988,13.900000,grasp,True,0.600,0.050,0
989,13.900000,grasp,True,0.600,0.050,0
990,13.900000,grasp,True,0.600,0.050,0
991,13.900000,grasp,True,0.600,0.050,0
992,13.900000,grasp,True,0.600,0.050,0
993,13.900000,grasp,True,0.600,0.050,0
994,13.900000,grasp,True,0.600,0.050,0
995,13.900000,grasp,True,0.600,0.050,0
996,13.900000,grasp,True,0.600,0.050,0
997,13.900000,grasp,True,0.600,0.050,0
998,13.900000,grasp,True,0.600,0.050,0
999,13.900000,grasp,True,0.600,0.050,0
